mnist_api     | convert_text [[45, 247]]
mnist_api     | texts [[205], [], [816], [], [205], [], [816], [], [22306, 1, 1, 1, 1, 1, 1, 9056], [1, 1, 1, 1, 1, 1, 1, 4497, 
1, 1, 1, 1, 1, 1, 1, 1, 1, 1, 1, 1, 1, 1, 1, 1, 1, 1, 1], [1427, 1, 1, 1, 1, 1], [1, 1, 1, 1, 11024, 1, 1, 1], [], [1, 1, 1, 688
, 1], [], [1, 1, 1, 1, 1, 1], [], [1, 1, 1, 1, 1, 1, 1, 1, 257, 1, 1, 1, 1], [], [1, 1, 1, 1, 1, 1, 1], [], [1, 1, 1, 1, 1, 1, 1
7567, 1], [], [1, 1, 1, 1, 1, 1], [], [1, 1, 1, 1, 1, 1, 1, 1, 1], [], [1128, 1128, 1, 1], [1, 1, 1, 1, 1, 1, 22306, 1, 1, 1, 1,
 1, 1, 1], [1, 1, 10001, 1, 1, 1, 1, 1, 1, 1, 1, 1], [22306, 1, 2, 226, 1312, 1, 1, 8726], [600, 1, 1, 1, 1, 1, 1, 1], [1427, 1,
 1, 1, 1, 1, 1], [1, 1, 1, 1, 1, 1, 1, 1, 1533, 1, 1, 1, 1, 1], [1, 1, 1, 1], [1, 1, 987, 1837, 1, 8493, 1, 1], [], [18818, 1, 2
2306, 1, 1], [], [1, 1, 1, 1], [1, 1, 1, 1, 1], [1, 1, 1, 1, 1, 1, 1, 1, 1, 1, 1, 1, 1, 1, 1, 1, 822, 1, 1, 1, 1, 1], [18818, 22
306, 1, 1, 1, 18813, 1, 50, 1], [1, 1, 22635, 1149, 1, 1, 1, 1, 1, 1, 1, 1, 1, 1, 1, 1, 1, 1149, 1, 1, 1, 10456, 1, 1, 1, 1, 1, 
1, 276], [18818, 1, 1, 350, 22306, 1, 1, 8726], [], [1, 1, 1, 1, 1, 1, 1, 1], [1, 1, 1, 1, 600, 600, 1, 1, 1, 5596, 1, 1, 1, 1, 
1, 1, 1, 276], [1, 1, 1, 1, 1, 1, 2782, 1, 1, 1, 1, 205, 1, 1, 1, 1, 1, 1, 1, 1, 1, 1, 1, 1, 22306, 1, 1, 1, 1, 1, 1, 27374, 1, 
1, 1, 12919, 1, 1, 1, 276], [1, 1, 1, 1, 2, 226, 1, 1, 276]]